%YAML:1.0
calibration_time: "Sun Apr 20 23:51:53 2014"
image_width: 1280
image_height: 720
board_width: 4
board_height: 5
square_size: 1.
flags: 0
camera_matrix: !!opencv-matrix
   rows: 3
   cols: 3
   dt: d
   data: [ 1.0010099595277761e+03, 0., 6.0559401600095828e+02, 0.,
       9.9839110617382755e+02, 3.6034891842919558e+02, 0., 0., 1. ]
distortion_coefficients: !!opencv-matrix
   rows: 5
   cols: 1
   dt: d
   data: [ -2.8702199060621367e-02, 4.6439075017462289e-01,
       -3.0349974158093177e-03, -1.0029439573639840e-02,
       -1.2252021440818772e+00 ]
avg_reprojection_error: 4.3713499900823327e-01
