[{"photoPath":"20141220_135439/0.jpg","rotationMatrix":[-0.80300915,0.58783877,0.09809059,0.0,0.5955436,0.7976953,0.09492037,0.0,-0.02244851,0.13463922,-0.9906404,0.0,0.0,0.0,0.0,1.0],"azimuth":36.3873,"posX":6.84465217590332,"posY":-4.567422389984131,"posZ":-0.4724265933036804,"photoId":1,"pitch":-7.737758,"roll":178.70186},{"photoPath":"20141220_135439/1.jpg","rotationMatrix":[-0.8849028,0.45656395,0.09217566,0.0,0.46390933,0.88162434,0.08675575,0.0,-0.041654825,0.11953163,-0.9919561,0.0,0.0,0.0,0.0,1.0],"azimuth":27.378138,"posX":7.830459654331207,"posY":-4.112988084554672,"posZ":0.7303076386451721,"photoId":2,"pitch":-6.8650727,"roll":177.59541},{"photoPath":"20141220_135439/2.jpg","rotationMatrix":[-0.83015865,0.5488908,0.0977515,0.0,0.556135,0.82764083,0.075659394,0.0,-0.03937441,0.11717242,-0.9923307,0.0,0.0,0.0,0.0,1.0],"azimuth":33.55231,"posX":7.252345442771912,"posY":-3.310132175683975,"posZ":2.417179048061371,"photoId":3,"pitch":-6.728943,"roll":177.72777},{"photoPath":"20141220_135439/3.jpg","rotationMatrix":[-0.8885699,0.45530817,0.056018233,0.0,0.45873898,0.88152343,0.11169213,0.0,0.0014730096,0.12494394,-0.9921627,0.0,0.0,0.0,0.0,1.0],"azimuth":27.316422,"posX":9.60099995136261,"posY":-3.284787207841873,"posZ":2.3330055996775627,"photoId":4,"pitch":-7.177519,"roll":-179.91495},{"photoPath":"20141220_135439/4.jpg","rotationMatrix":[0.62945616,0.77124083,0.0947234,0.0,0.776896,-0.62233543,-0.095556736,0.0,-0.014747471,0.13373905,-0.99090683,0.0,0.0,0.0,0.0,1.0],"azimuth":128.90102,"posX":10.635866522789001,"posY":-3.052877187728882,"posZ":3.813799671828747,"photoId":5,"pitch":-7.6857123,"roll":179.14734},{"photoPath":"20141220_135439/5.jpg","rotationMatrix":[0.7369909,0.6725694,0.0670436,0.0,0.6757393,-0.7309977,-0.09496769,0.0,-0.01486364,0.11529426,-0.9932202,0.0,0.0,0.0,0.0,1.0],"azimuth":137.38374,"posX":14.871254324913025,"posY":-2.0591850876808167,"posZ":5.135681323707104,"photoId":6,"pitch":-6.620598,"roll":179.14262}]