[{"photoPath":"20141210_145549/0.jpg","rotationMatrix":[-0.027120283,-0.058384787,-0.9979257,0.0,0.32443112,-0.9447677,0.04645776,0.0,-0.9455204,-0.3224982,0.044564214,0.0,0.0,0.0,0.0,1.0],"azimuth":-176.46373,"posX":-3.2278804779052734,"posY":1.9388244152069092,"posZ":4.229822158813477,"photoId":1,"pitch":18.814074,"roll":87.30154},{"photoPath":"20141210_145549/1.jpg","rotationMatrix":[-0.08055123,0.025558967,-0.9964227,0.0,0.35131907,-0.9347895,-0.05237881,0.0,-0.93278426,-0.35428149,0.06631909,0.0,0.0,0.0,0.0,1.0],"azimuth":178.43382,"posX":-5.1084747314453125,"posY":2.232409179210663,"posZ":5.069866836071014,"photoId":2,"pitch":20.749414,"roll":85.93323},{"photoPath":"20141210_145549/2.jpg","rotationMatrix":[-0.08631543,0.047938608,-0.99511385,0.0,0.30654815,-0.9491044,-0.072311915,0.0,-0.94793344,-0.31129193,0.067226864,0.0,0.0,0.0,0.0,1.0],"azimuth":177.10849,"posX":-7.069873690605164,"posY":3.3881718516349792,"posZ":5.615979373455048,"photoId":3,"pitch":18.137106,"roll":85.94341},{"photoPath":"20141210_145549/3.jpg","rotationMatrix":[-0.09493661,0.085818686,-0.9917773,0.0,0.29175097,-0.9501315,-0.11014256,0.0,-0.9517711,-0.29980856,0.06516457,0.0,0.0,0.0,0.0,1.0],"azimuth":174.83888,"posX":-8.554352045059204,"posY":3.8661217093467712,"posZ":5.886252671480179,"photoId":4,"pitch":17.446104,"roll":86.08327},{"photoPath":"20141210_145549/4.jpg","rotationMatrix":[-0.109784886,0.16375121,-0.9803738,0.0,0.27123237,-0.94396645,-0.18804343,0.0,-0.95623237,-0.28655344,0.059218623,0.0,0.0,0.0,0.0,1.0],"azimuth":170.15875,"posX":-11.523481369018555,"posY":4.184460759162903,"posZ":5.973358370363712,"photoId":5,"pitch":16.651728,"roll":86.456245}]