[{"photoPath":"20141220_135623/0.jpg","rotationMatrix":[-0.49164712,0.8695696,0.046171725,0.0,0.8700274,0.49274826,-0.015863538,0.0,-0.03654547,0.03237132,-0.9988076,0.0,0.0,0.0,0.0,1.0],"azimuth":60.461605,"posX":-0.003947928082197905,"posY":-0.0031478467863053083,"posZ":-0.003949455451220274,"photoId":1,"pitch":-1.855064,"roll":177.90453},{"photoPath":"20141220_135623/1.jpg","rotationMatrix":[-0.32072842,0.9470275,0.01650101,0.0,0.94697154,0.32096988,-0.014945984,0.0,-0.019450575,0.010832345,-0.9997522,0.0,0.0,0.0,0.0,1.0],"azimuth":71.277275,"posX":2.499336049426347,"posY":1.2088885244447738,"posZ":0.6929105003364384,"photoId":2,"pitch":-0.62065977,"roll":178.88542},{"photoPath":"20141220_135623/2.jpg","rotationMatrix":[-0.16687597,0.9840701,-0.06130588,0.0,0.98584944,0.16552775,-0.026484981,0.0,-0.01591526,-0.06485805,-0.9977676,0.0,0.0,0.0,0.0,1.0],"azimuth":80.45181,"posX":9.182719037402421,"posY":3.800981992157176,"posZ":-0.12982850475236773,"photoId":3,"pitch":3.7187028,"roll":179.08617},{"photoPath":"20141220_135623/3.jpg","rotationMatrix":[-0.19895409,0.97868824,-0.050858974,0.0,0.9800054,0.1985486,-0.012955546,0.0,-0.0025814772,-0.052419573,-0.9986218,0.0,0.0,0.0,0.0,1.0],"azimuth":78.53192,"posX":14.488026425708085,"posY":2.0008912023622543,"posZ":1.819355793762952,"photoId":4,"pitch":3.0047975,"roll":179.85188},{"photoPath":"20141220_135623/4.jpg","rotationMatrix":[-0.19186273,0.9739113,-0.12118387,0.0,0.98129195,0.18836087,-0.039828442,0.0,-0.01596307,-0.12655836,-0.9918307,0.0,0.0,0.0,0.0,1.0],"azimuth":79.05377,"posX":19.897840306628495,"posY":4.798209184082225,"posZ":0.7733448226936162,"photoId":5,"pitch":7.2707586,"roll":179.07793},{"photoPath":"20141220_135623/5.jpg","rotationMatrix":[-0.20811522,0.9642516,-0.16403359,0.0,0.97810435,0.20523286,-0.03451895,0.0,3.8014352E-4,-0.16762596,-0.98585063,0.0,0.0,0.0,0.0,1.0],"azimuth":77.984375,"posX":22.450295493472368,"posY":6.262929194839671,"posZ":0.7595533137209713,"photoId":6,"pitch":9.649816,"roll":-179.9779},{"photoPath":"20141220_135623/6.jpg","rotationMatrix":[0.15444905,0.96976143,-0.18896604,0.0,0.9877938,-0.15548036,0.009445891,0.0,-0.020220242,-0.18811835,-0.9819382,0.0,0.0,0.0,0.0,1.0],"azimuth":99.10863,"posX":22.533864699769765,"posY":7.363592976005748,"posZ":0.557800040114671,"photoId":7,"pitch":10.842994,"roll":178.82033},{"photoPath":"20141220_135623/7.jpg","rotationMatrix":[-0.3074494,0.93340147,-0.1850313,0.0,0.95150185,0.30379254,-0.048522905,0.0,0.010919765,-0.19097602,-0.981534,0.0,0.0,0.0,0.0,1.0],"azimuth":71.97157,"posX":25.28341218130663,"posY":9.099995487602428,"posZ":0.09740300523117185,"photoId":8,"pitch":11.009749,"roll":-179.3626}]