[{"photoPath":"20141210_145302/0.jpg","rotationMatrix":[-0.09744875,0.99412763,0.047053635,0.0,0.99508846,0.09815161,-0.012859765,0.0,-0.01740263,0.045569263,-0.9988096,0.0,0.0,0.0,0.0,1.0],"azimuth":84.36138,"posX":-6.026095867156982,"posY":-1.1315481662750244,"posZ":-4.402129173278809,"photoId":1,"pitch":-2.611831,"roll":179.00182},{"photoPath":"20141210_145302/1.jpg","rotationMatrix":[-0.4842943,0.8741411,0.036557555,0.0,0.87489516,0.48406646,0.01543583,0.0,-0.0042031705,0.039459422,-0.9992124,0.0,0.0,0.0,0.0,1.0],"azimuth":61.023964,"posX":-5.979366410523653,"posY":-0.14813685417175293,"posZ":-6.987373352050781,"photoId":2,"pitch":-2.2614455,"roll":179.75899},{"photoPath":"20141210_145302/2.jpg","rotationMatrix":[-0.889539,0.4568592,4.4178963E-4,0.0,0.456829,0.8894681,0.012407184,0.0,0.005275458,0.011238396,-0.999923,0.0,0.0,0.0,0.0,1.0],"azimuth":27.18648,"posX":-5.050173331052065,"posY":0.14429771900177002,"posZ":-7.401154696941376,"photoId":3,"pitch":-0.6439262,"roll":-179.69771},{"photoPath":"20141210_145302/3.jpg","rotationMatrix":[-0.97314787,-0.230165,0.002692312,0.0,-0.22956136,0.9713203,0.061956048,0.0,-0.016875207,0.059674382,-0.99807525,0.0,0.0,0.0,0.0,1.0],"azimuth":-13.33098,"posX":-5.140020418912172,"posY":0.5824786126613617,"posZ":-6.794112920761108,"photoId":4,"pitch":-3.4211226,"roll":179.03134}]