[{"photoPath":"20141210_145643/0.jpg","rotationMatrix":[0.5213829,0.8243973,-0.22029263,0.0,0.8527592,-0.51275784,0.09940377,0.0,-0.031008586,-0.23968397,-0.97035563,0.0,0.0,0.0,0.0,1.0],"azimuth":121.88075,"posX":-1.7521392107009888,"posY":-1.4345977306365967,"posZ":0.9248641133308411,"photoId":1,"pitch":13.867888,"roll":178.16968},{"photoPath":"20141210_145643/1.jpg","rotationMatrix":[0.35209304,0.9164406,-0.19017637,0.0,0.935954,-0.34573206,0.06677978,0.0,-0.0045503676,-0.20150901,-0.9794761,0.0,0.0,0.0,0.0,1.0],"azimuth":110.66925,"posX":-4.244707942008972,"posY":-1.1443554759025574,"posZ":0.9647054933011532,"photoId":2,"pitch":11.625216,"roll":179.73383},{"photoPath":"20141210_145643/2.jpg","rotationMatrix":[0.32847786,0.92075783,-0.21049303,0.0,0.94450337,-0.32114816,0.069117546,0.0,-0.0039589256,-0.22151494,-0.975149,0.0,0.0,0.0,0.0,1.0],"azimuth":109.228096,"posX":-6.6298733949661255,"posY":0.2221781611442566,"posZ":-0.4659085012972355,"photoId":3,"pitch":12.798029,"roll":179.7674},{"photoPath":"20141210_145643/3.jpg","rotationMatrix":[0.36946744,0.908644,-0.19457603,0.0,0.92907864,-0.36515793,0.058927014,0.0,-0.017507285,-0.20254797,-0.9791158,0.0,0.0,0.0,0.0,1.0],"azimuth":111.893776,"posX":-8.395732283592224,"posY":0.5966098308563232,"posZ":2.3407600186765194,"photoId":4,"pitch":11.685997,"roll":178.97562}]