[{"photoPath":"20141220_140258/0.jpg","rotationMatrix":[0.71856844,0.6940112,-0.044808745,0.0,0.6953709,-0.7159783,0.061921954,0.0,0.010892451,-0.07565388,-0.9970746,0.0,0.0,0.0,0.0,1.0],"azimuth":135.89256,"posX":-0.7996521592140198,"posY":-1.1557841300964355,"posZ":-0.6953948140144348,"photoId":1,"pitch":4.3387938,"roll":-179.3741},{"photoPath":"20141220_140258/1.jpg","rotationMatrix":[0.86461174,0.5004027,-0.045207024,0.0,0.5024313,-0.86054575,0.08380726,0.0,0.0030347407,-0.095174074,-0.995456,0.0,0.0,0.0,0.0,1.0],"azimuth":149.82224,"posX":2.5028077960014343,"posY":-1.3271996825933456,"posZ":-2.822911560535431,"photoId":2,"pitch":5.461339,"roll":-179.82533},{"photoPath":"20141220_140258/2.jpg","rotationMatrix":[0.8171403,0.5680552,-0.09795421,0.0,0.57637507,-0.8026396,0.15349728,0.0,0.008572996,-0.18188715,-0.983282,0.0,0.0,0.0,0.0,1.0],"azimuth":144.71167,"posX":5.172976911067963,"posY":0.43857242166996,"posZ":-4.1703789830207825,"photoId":3,"pitch":10.4797,"roll":-179.50046},{"photoPath":"20141220_140258/3.jpg","rotationMatrix":[0.76306427,0.63864535,-0.09932178,0.0,0.6463126,-0.7548355,0.11181781,0.0,-0.0035596192,-0.149517,-0.98875266,0.0,0.0,0.0,0.0,1.0],"azimuth":139.76637,"posX":6.500460088253021,"posY":2.2422893196344376,"posZ":-4.545247435569763,"photoId":4,"pitch":8.598937,"roll":179.79373},{"photoPath":"20141220_140258/4.jpg","rotationMatrix":[0.7464341,0.65796363,-0.09959984,0.0,0.66534865,-0.7406341,0.09366116,0.0,-0.012141377,-0.13618053,-0.99060965,0.0,0.0,0.0,0.0,1.0],"azimuth":138.38278,"posX":8.506956994533539,"posY":4.032353177666664,"posZ":-5.745867729187012,"photoId":5,"pitch":7.8268895,"roll":179.29779},{"photoPath":"20141220_140258/5.jpg","rotationMatrix":[0.6700829,0.7362544,-0.09443694,0.0,0.7422352,-0.6631006,0.096873015,0.0,0.00870201,-0.13500732,-0.9908064,0.0,0.0,0.0,0.0,1.0],"azimuth":132.00749,"posX":9.405836462974548,"posY":5.286615267395973,"posZ":-6.15555739402771,"photoId":6,"pitch":7.7590437,"roll":-179.4968},{"photoPath":"20141220_140258/6.jpg","rotationMatrix":[0.68698245,0.7189668,-0.10555524,0.0,0.7266585,-0.6787313,0.10626048,0.0,0.0047540963,-0.14970171,-0.98871976,0.0,0.0,0.0,0.0,1.0],"azimuth":133.35109,"posX":9.795842438936234,"posY":6.719957962632179,"posZ":-7.848033905029297,"photoId":7,"pitch":8.609641,"roll":-179.7245},{"photoPath":"20141220_140258/7.jpg","rotationMatrix":[0.78870463,0.6016507,-0.12633842,0.0,0.614665,-0.77557474,0.14377293,0.0,-0.0114837885,-0.19105014,-0.981513,0.0,0.0,0.0,0.0,1.0],"azimuth":142.19754,"posX":13.491064101457596,"posY":7.312684193253517,"posZ":-11.487275838851929,"photoId":8,"pitch":11.014075,"roll":179.32967},{"photoPath":"20141220_140258/8.jpg","rotationMatrix":[0.845464,0.5233551,-0.106254816,0.0,0.5339141,-0.83256656,0.14754254,0.0,-0.011247098,-0.1814729,-0.9833317,0.0,0.0,0.0,0.0,1.0],"azimuth":147.84634,"posX":13.533311624079943,"posY":7.3707031309604645,"posZ":-11.53753562271595,"photoId":9,"pitch":10.455564,"roll":179.3447},{"photoPath":"20141220_140258/9.jpg","rotationMatrix":[0.94523513,0.28765208,-0.15422973,0.0,0.32241836,-0.8964039,0.3041487,0.0,-0.0507631,-0.33721852,-0.94005674,0.0,0.0,0.0,0.0,1.0],"azimuth":162.2088,"posX":13.545773947611451,"posY":7.364069213159382,"posZ":-11.530896238517016,"photoId":10,"pitch":19.707502,"roll":176.90903}]