[{"photoPath":"20141210_145410/0.jpg","rotationMatrix":[0.07224254,0.99414104,0.08040285,0.0,0.99709165,-0.07002428,-0.030078862,0.0,-0.024272481,0.082342036,-0.9963085,0.0,0.0,0.0,0.0,1.0],"azimuth":94.02908,"posX":0.0,"posY":0.0,"posZ":0.0,"photoId":1,"pitch":-4.723199,"roll":178.6044},{"photoPath":"20141210_145410/1.jpg","rotationMatrix":[-0.003724642,0.9959752,0.089551926,0.0,0.9996965,0.005889603,-0.023923416,0.0,-0.024354555,0.089435585,-0.9956948,0.0,0.0,0.0,0.0,1.0],"azimuth":89.661194,"posX":-0.13662166893482208,"posY":-0.026542028412222862,"posZ":-2.2354016304016113,"photoId":2,"pitch":-5.1311374,"roll":178.59883},{"photoPath":"20141210_145410/2.jpg","rotationMatrix":[-0.1426737,0.9846179,0.10085583,0.0,0.9892745,0.14508334,-0.016937144,0.0,-0.031309098,0.09735754,-0.9947569,0.0,0.0,0.0,0.0,1.0],"azimuth":81.61779,"posX":-0.6135651916265488,"posY":-0.05887614004313946,"posZ":-4.403020858764648,"photoId":3,"pitch":-5.587026,"roll":178.19727},{"photoPath":"20141210_145410/3.jpg","rotationMatrix":[-0.31526175,0.94446135,0.09275055,0.0,0.9488641,0.31538814,0.013678402,0.0,-0.016333714,0.092320055,-0.99559534,0.0,0.0,0.0,0.0,1.0],"azimuth":71.53406,"posX":-0.9518353492021561,"posY":0.017506608739495277,"posZ":-6.038577318191528,"photoId":4,"pitch":-5.297092,"roll":179.06009},{"photoPath":"20141210_145410/4.jpg","rotationMatrix":[-0.3782932,0.92097783,0.09324163,0.0,0.9256411,0.37734073,0.028327018,0.0,-0.009095296,0.09702422,-0.99524045,0.0,0.0,0.0,0.0,1.0],"azimuth":67.72022,"posX":-1.004524789750576,"posY":0.5080922935158014,"posZ":-8.611043691635132,"photoId":5,"pitch":-5.567837,"roll":179.47641},{"photoPath":"20141210_145410/5.jpg","rotationMatrix":[-0.49770868,0.8627917,0.08875024,0.0,0.8672088,0.49682802,0.033331692,0.0,-0.015335247,0.09355435,-0.9954961,0.0,0.0,0.0,0.0,1.0],"azimuth":60.06504,"posX":-0.4673095569014549,"posY":0.9979496095329523,"posZ":-11.689655780792236,"photoId":6,"pitch":-5.3681192,"roll":179.11745},{"photoPath":"20141210_145410/6.jpg","rotationMatrix":[-0.52082646,0.8483651,0.09495479,0.0,0.85329425,0.52063835,0.028717428,0.0,-0.025074258,0.095981166,-0.9950673,0.0,0.0,0.0,0.0,1.0],"azimuth":58.462723,"posX":1.4137448444962502,"posY":1.9480009768158197,"posZ":-14.876873254776001,"photoId":7,"pitch":-5.5077944,"roll":178.55653}]