[{"photoPath":"20141210_150001/0.jpg","rotationMatrix":[0.23545283,0.95627993,-0.17346627,0.0,0.9702975,-0.24149308,-0.014271818,0.0,-0.055538744,-0.16495349,-0.9847364,0.0,0.0,0.0,0.0,1.0],"azimuth":104.172806,"posX":-3.734445571899414,"posY":-1.062200903892517,"posZ":0.020436959341168404,"photoId":1,"pitch":9.494533,"roll":176.77196},{"photoPath":"20141210_150001/1.jpg","rotationMatrix":[0.32360697,0.9208527,-0.21750587,0.0,0.9455444,-0.3232255,0.03835164,0.0,-0.034987226,-0.21807228,-0.97530526,0.0,0.0,0.0,0.0,1.0],"azimuth":109.341415,"posX":-10.593854904174805,"posY":-1.0260192267596722,"posZ":-1.3003161381930113,"photoId":2,"pitch":12.595834,"roll":177.9455},{"photoPath":"20141210_150001/2.jpg","rotationMatrix":[0.09101055,0.96467376,-0.24722779,0.0,0.9939654,-0.10325993,-0.037013657,0.0,-0.061234824,-0.24236715,-0.96825016,0.0,0.0,0.0,0.0,1.0],"azimuth":96.10975,"posX":-11.236252665519714,"posY":0.7867469675838947,"posZ":-3.08378235809505,"photoId":3,"pitch":14.026294,"roll":176.38127},{"photoPath":"20141210_150001/3.jpg","rotationMatrix":[0.031431697,0.97273237,-0.22979069,0.0,0.99729395,-0.045808572,-0.05749946,0.0,-0.06645797,-0.22736147,-0.97154003,0.0,0.0,0.0,0.0,1.0],"azimuth":92.69622,"posX":-11.995188772678375,"posY":2.0087289698421955,"posZ":-2.0416706036776304,"photoId":4,"pitch":13.14178,"roll":176.08679}]