[{"photoPath":"20141210_145225/0.jpg","rotationMatrix":[-0.5222876,0.8086945,0.27060866,0.0,0.85276353,0.4964797,0.16218033,0.0,-0.003197357,0.31546986,-0.94893026,0.0,0.0,0.0,0.0,1.0],"azimuth":58.453094,"posX":0.8759821653366089,"posY":-6.0085673332214355,"posZ":-2.366366147994995,"photoId":1,"pitch":-18.389181,"roll":179.80695},{"photoPath":"20141210_145225/1.jpg","rotationMatrix":[-0.8184672,0.5405129,0.19482619,0.0,0.5745433,0.77196085,0.27198595,0.0,-0.0033862889,0.33454764,-0.9423727,0.0,0.0,0.0,0.0,1.0],"azimuth":34.99901,"posX":1.7237440347671509,"posY":-6.283897310495377,"posZ":-3.9969342947006226,"photoId":2,"pitch":-19.545033,"roll":179.79411},{"photoPath":"20141210_145225/2.jpg","rotationMatrix":[-0.1294227,-0.9398783,-0.31603575,0.0,-0.99140424,0.12881169,0.022917986,0.0,0.019168977,0.3162853,-0.9484704,0.0,0.0,0.0,0.0,1.0],"azimuth":-82.19615,"posX":5.41053307056427,"posY":-5.737194687128067,"posZ":-5.928463697433472,"photoId":3,"pitch":-18.438423,"roll":-178.8422}]